L2:
   0.19295845   0.10499393
   0.02748399   0.03944449
   0.01490938   0.01476977
   0.00584425   0.00632902
   0.00189975   0.00204905
   0.00055072   0.00059843
H1:
   0.463667   0.347277
   0.226802   0.241986
   0.171841   0.171820
   0.093969   0.094019
   0.047180   0.047185
   0.023540   0.023542
L2_Lambda:
   0.57998   0.44238
   0.32189   0.71580
   0.44600   0.44739
   0.28180   0.28292
   0.20748   0.20773
   0.18261   0.18275
Mixed:
   1.04365   0.78966
   0.54869   0.95778
   0.61785   0.61921
   0.37577   0.37693
   0.25466   0.25492
   0.20615   0.20629
L2_rate:
   0.00000   0.00000
   2.81163   1.41241
   0.88237   1.41718
   1.35113   1.22259
   1.62121   1.62703
   1.78642   1.77570
H1_rate:
   0.00000   0.00000
   1.03166   0.52116
   0.40036   0.49403
   0.87081   0.86988
   0.99401   0.99462
   1.00307   1.00311
L2_Lambda:
   0.00000   0.00000
   0.84946  -0.69425
  -0.47050   0.67803
   0.66236   0.66115
   0.44169   0.44566
   0.18420   0.18487
Mixed_rate:
   0.00000   0.00000
   0.92758  -0.27846
  -0.17125   0.62928
   0.71738   0.71611
   0.56127   0.56430
   0.30487   0.30536
